a_hong_shi CHICKEN_RICE 052233467 120.452230 23.478550 4.2 1030 2000 0
wei_xiao CHICKEN_RICE 052213079 120.436050 23.538440 4.0 0600 1400 0
gan_en CHICKEN_RICE 052212518 120.439550 23.524570 4.3 1600 2200 0
Gou's CHICKEN_RICE 052256214 120.449890 23.478490 3.5 1000 2400 0
Jia_Yuan CHICKEN_RICE 052262345 120.430450 23.558410 3.9 1045 1900 0
jia_he CHICKEN_RICE 052166625 120.445890 23.481030 4.3 1100 2000 0
you_zhong CHICKEN_RICE 052328166 120.438130 23.481810 4.8 1040 2000 0
mu_cun CHICKEN_RICE 052204666 120.447190 23.528050 4.3 0600 1330 0
liu_li_zhang CHICKEN_RICE 052227669 120.454070 23.479900 3.6 0700 1930 0
Democracy CHICKEN_RICE 052162666 120.45742 23.476760 4.1 1000 2040 0
dong_bao_chu JAPANESE 052723085 120.47319 23.56367 4.9 1630 2130 1
fu_cheng_wu JAPANESE 0901433888 120.47204 23.55703 3.5 1630 2300 1
shou_sih_yi JAPANESE 052724889 120.47096 23.55791 3.8 1200 2030 1
hua_ting JAPANESE 052063935 120.428490 23.554630 4.3 1100 2030 2
song_ban_jia JAPANESE 052062177 120.429040 23.553510 4.5 1100 2100 1
jheng_sian JAPANESE 052262330 120.43381 23.55978 4.1 1100 2130 2
shan_yue JAPANESE 052251882 120.45305 23.47977 4.5 1700 2100 1
dao_he JAPANESE 052771237 120.46136 23.48244 4.2 1100 2100 3
ti_yu_guan JAPANESE 052162853 120.46055 23.47191 4.1 1100 2000 2
song_ju JAPANESE 052910181 120.43476 23.48239 4.0 1130 2100 3
ye_ming_dong KOREAN 052290558 120.448679 23.482177 4.3 1130 2200 2
han_xiao KOREAN 052275227 120.44731 23.48032 4.3 1600 2400 1
tong_pan KOREAN 052282988 120.44773 23.48536 4.1 1100 2200 2
jhu_duei_you KOREAN 052273147 120.45715 23.47675 3.8 1100 2200 3
chin_gu KOREAN 052837525 120.43802 23.46811 4.2 1130 2030 1
liang_can KOREAN 052321077 120.43806 23.47822 4.7 1100 2200 3
li_tai_yuan KOREAN 052328112 120.43082 23.48322 3.6 1700 2200 3
kk_han_shi KOREAN 052722729 120.47145 23.55507 3.6 1100 2000 2
han_shan_si KOREAN 052269889 120.42546 23.55848 3.4 1100 2100 1
cuei_zha_ji KOREAN 0986311068 120.43007 23.55448 4.3 1500 2200 2
McDonald's AMERICAN 052261726 120.434261 23.554914 4.0 0000 2400 1
MOS_BURGER AMERICAN 052772361 120.452503 23.497103 4.1 1100 2200 1
City_Burger AMERICAN 052756676 120.463161 23.483428 4.3 0600 1330 1
BUGER_KING AMERICAN 052223386 120.446996 23.479997 3.8 1000 2300 1
THEFREEN_BURGER AMERICAN 052280260 120.452715 23.481403 4.2 0800 2130 1
TASTY AMERICAN 052239418 120.449358 23.480599 4.3 1130 2200 3
Molho_Restaurant AMERICAN 052207770 120.452404 23.531898 4.2 1100 1930 1
KFC AMERICAN 052265838 120.433786 23.559564 4.1 0930 2300 1
meet_Mr._meat AMERICAN 052320958 120.430910 23.482713 4.6 1800 2400 3
Costco AMERICAN 024499909 120.449912 23.502106 4.3 1000 2130 2
minxiong_erouqing CHINESE 052065022 120.431332 23.555822 4.0 0900 2100 1
zhengzong_minxiong_erouting CHINESE 0971119671 120.431593 23.556385 4.0 1030 1930 1
zhongzheng_dasixiniu_roumian CHINESE 052722177 120.471379 23.555804 4.3 1130 2000 1
dizhonghai_meishi CHINESE 0911196137 120.471454 23.556590 4.1 1100 1930 0
xia!mianjininchi CHINESE 0921552270 120.470433 23.554336 4.8 1100 1900 0
haoweimian_shiguan CHINESE 052723636 120.471092 23.556782 3.1 1100 1945 0
shaoshi_fucuipitang_baozhong CHINESE 0905412540 120.471883 23.557047 4.9 1700 2400 0
shashi_fushennongdian CHINESE 052722819 120.472395 23.556843 4.0 1630 2100 0
shunyushifang CHINESE 052269006 120.436934 23.556607 4.2 1100 2100 1
lao_dilu_roufan CHINESE 052203547 120.436854 23.534684 4.5 1130 2100 0
breakfast_is_good BREAKFAST 052720273 120.473227 23.556290 4.2 0730 1400 1 
bu_ge_breakfast BREAKFAST 052724986 120.470222 23.554399 4.2 0600 1445 0
123breakfast BREAKFAST 052724567 120.469155 23.559055 4.4 0630 1400 0
AT_FUN_Cafe&Brunch BREAKFAST 052061598 120.427452 23.556119 4.3 1030 1900 2
network_breakfast BREAKFAST 0926208256 120.463423 23.562224 4.3 0430 1500 0
la_ya_burger BREAKFAST 052060609 120.427906 23.550746 4.3 0600 1330 1
MAMA_breakfast BREAKFAST 052261160 120.426824 23.556846 4.1 0600 1200 1
A-bao BREAKFAST 052720677 120.469787 23.558225 3.9 0630 2000 0
Nonamelab BREAKFAST 052280999 120.443046 23.477583 4.1 0900 1800 2
dan_dan_burger BREAKFAST 065719055 120.259987 23.206475 4.3 0700 2200 1
tu_si_nan BREAKFAST 052166828 120.446297 23.480869 4.6 0630 1430 1
KEBUKE DRINKS 055900139 120.439627 23.523580 4.5 0900 2100 0
paojiao_coffee DRINKS 052209995 120.575740 23.595723 4.2 1500 2400 1
Oi_Griddle_CAKEs DESSERT 052259656 120.443662 23.474398 4.1 0800 1400 2
