INSERT 3
7-11 052724319 120.471525 23.556185 4.5 0000 2400 1.5 200
Family-Mart 052723991 120.472481 23.560542 2.6 0000 2400 0.85 200
Poco-A-Poco 052721676 120.472481 23.560542 4.1 1100 1900 0.85 300
DELETE 1
7-11
INSERT 1
7-11 052724319 120.471525 23.556185 4.5 0000 2400 1.5 200
SORT longitude
SEARCH 7-11
IS_OPEN Poco-A-Poco
SORT rating
STOP
ye_ming_dong 2 052290558 120.448679 23.482177 4.3 1130 2200 2
han_xiao 2 052275227 120.44731 23.48032 4.3 1600 2400 1
tong_pan 2 052282988 120.44773 23.48536 4.1 1100 2200 2
jhu_duei_you 2 052273147 120.45715 23.47675 3.8 1100 2200 3
chin_gu 2 052837525 120.43802 23.46811 4.2 1130 2030 1
liang_can 2 052321077 120.43806 23.47822 4.7 1100 2200 3
li_tai_yuan 2 052328112 120.43082 23.48322 3.6 1700 2200 3
kk_han_shi 2 052722729 120.47145 23.55507 3.6 1100 2000 2
han_shan_si 2 052269889 120.42546 23.55848 3.4 1100 2100 1
cuei_zha_ji 2 0986311068 120.43007 23.55448 4.3 1500 2200 2
McDonald's 3 052261726 23.554914 120.434261 4.0 0000 2400 1
Oi_Griddle_CAKEs 3 052259656 23.474398 120.443662 4.1 0800 1400 2 
MOS_BURGER 3 052772361 23.497103 120.452503 4.1 1100 2200 1
City_Burger 3 052756676 23.483428 120.463161 4.3 0600 1330 1
BUGER_KING 3 052223386 23.479997 120.446996 3.8 1000 2300 1
THEFREEN_BURGER 3 052280260 23.481403 120.452715 4.2 0800 2130 1
TASTY 3 052239418 23.480599 120.449358 4.3 1130 2200 3
Molho_Restaurant 3 052207770 23.531898 120.452404 4.2 1100 1930 1
KFC 3 052265838 23.559564 120.433786 4.1 0930 2300 1
meet_Mr._meat 3 052320958 23.482713 120.430910 4.6 1800 2400 3
breakfast_is_good  5 052720273   23.556290369586456 120.47322797990671  4.2  0730  1400    1 
bu_ge_breakfast   5 052724986  23.554399045013447 120.47022245261599  4.2  0600  1445  0
123breakfast   5 052724567  23.559055447804848 120.46915524339926  4.4  0630 1400 0
AT_FUN_Cafe&Brunch  5 052061598  23.5561191004113 120.42745223541392  4.3 1030 1900  2
network_breakfast 5 0926208256 23.5622244728767 120.46342332867165 4.3 0430 1500 0
la_ya_burger 5 052060609 23.55074648918646 120.42790683398746 4.3 0600 1330 1
A-bao 5 052720677 23.55822528962673 120.4697872263096 3.9 0630 2000 0
Nonamelab 5 052280999 23.47758330998321 120.44304696240252 4.1 0900 1800 2
dan_dan_burger 5 065719055 23.206475648689622 120.2599871493413 4.3 0700 2200 1
tu_si_nan 5 052166828 23.480869027004818 120.446297809541 4.6 0630 1430 1
Costco 3 024499909 23.502106 120.449912 4.3 1000 2130 2
KEBUKE 6 23.52358084767854 120.43962703463224 4.5 0900 2100 0
