0 120.452230 23.478550
0 120.436050 23.538440
0 120.439550 23.524570
0 120.449890 23.478490
0 120.430450 23.558410
0 120.445890 23.481030
0 120.438130 23.481810
0 120.447190 23.528050
0 120.454070 23.479900
0 120.457420 23.476760
1 120.473190 23.563670
1 120.472040 23.557030
1 120.470960 23.557910
1 120.428490 23.554630
1 120.429040 23.553510
1 120.433810 23.559780
1 120.453050 23.479770
1 120.461360 23.482440
1 120.460550 23.471910
1 120.434760 23.482390
2 120.448679 23.482177
2 120.447310 23.480320
2 120.447730 23.485360
2 120.457150 23.476750
2 120.438020 23.468110
2 120.438060 23.478220
2 120.430820 23.483220
2 120.471450 23.555070
2 120.425460 23.558480
2 120.430070 23.554480
3 120.434261 23.554914
3 120.452503 23.497103
3 120.463161 23.483428
3 120.446996 23.479997
3 120.452715 23.481403
3 120.449358 23.480599
3 120.452404 23.531898
3 120.433786 23.559564
3 120.430910 23.482713
3 120.449912 23.502106
4 120.431332 23.555822
4 120.431593 23.556385
4 120.471379 23.555804
4 120.471454 23.556590
4 120.470433 23.554336
4 120.471092 23.556782
4 120.471883 23.557047
4 120.472395 23.556843
4 120.436934 23.556607
4 120.436854 23.534684
5 120.473227 23.556290
5 120.470222 23.554399
5 120.469155 23.559055
5 120.427452 23.556119
5 120.463423 23.562224
5 120.427906 23.550746
5 120.426824 23.556846
5 120.469787 23.558225
5 120.443046 23.477583
5 120.446297 23.480869
6 120.439627 23.523580
7 120.443662 23.474398
6 120.472018 23.557059
6 120.471485 23.556638
6 120.472128 23.557129
6 120.430629 23.556135
6 120.430817 23.556566
6 120.432704 23.557417
6 120.431961 23.557649
6 120.449285 23.479795
6 120.449773 23.479318
6 120.436988 23.533401
